DDR1876,0.212121212121,60.0,394230.283333,0.433333333333,39.0,633658.615385,0.589743589744,
Cassidy_M_Wilkerson,1.0,60.0,331430.833333,0.366666666667,0.0,0.0,0.0,
Shoshana_Chavez,0.103448275862,16.0,566920.875,0.6875,13.0,27396.2307692,0.0,
FAD34,0.0,12.0,262740.083333,0.333333333333,12.0,544865.666667,0.5,
Desirae.D.Rosales,-0.333333333333,13.0,709185.538462,0.923076923077,26.0,664504.076923,0.769230769231,
Ocean.J.Pacheco,-0.393939393939,10.0,36347.1,0.0,23.0,29431.0434783,0.0,
MCP0611,1.0,1.0,34684.0,0.0,0.0,0.0,0.0,
VCG1873,0.15,46.0,195859.26087,0.173913043478,34.0,29256.0294118,0.0,
BHP1872,0.25,45.0,261725.622222,0.311111111111,27.0,555917.37037,0.518518518519,
BAB1874,-0.0315789473684,46.0,552766.869565,0.521739130435,49.0,30664.8367347,0.0,
GAF1862,0.0625,51.0,299700.607843,0.392156862745,45.0,672330.533333,0.822222222222,
NER1278,0.333333333333,2.0,46213.0,0.0,1.0,22721.0,0.0,
INK1859,-0.0169491525424,29.0,67126.5862069,0.103448275862,30.0,29477.9666667,0.0,
LPS1875,0.106382978723,52.0,566599.865385,0.538461538462,42.0,942923.880952,1.04761904762,
Pitts-Briar,0.586206896552,23.0,364519.086957,0.347826086957,6.0,27182.6666667,0.0,
Lancaster-Shelby,1.0,1.0,36306.0,0.0,0.0,0.0,0.0,
SKW0066,1.0,1.0,1005576.0,1.0,0.0,0.0,0.0,
ENM1861,-0.0434782608696,33.0,328209.848485,0.242424242424,36.0,298977.638889,0.25,
FAD1863,0.20987654321,49.0,369611.061224,0.34693877551,32.0,499136.5625,0.53125,
SPB1853,0.114285714286,39.0,447752.051282,0.435897435897,31.0,31027.6129032,0.0,
Wilkins-Deborah,-0.0526315789474,9.0,136329.444444,0.222222222222,10.0,26971.0,0.0,
WSK1857,0.0422535211268,37.0,424182.621622,0.405405405405,34.0,457249.0,0.411764705882,
YJB0171,1.0,1.0,34241.0,0.0,0.0,0.0,0.0,
Dillon_Cynthia,1.0,28.0,198135.035714,0.214285714286,0.0,0.0,0.0,
ALM1768,-0.465838509317,43.0,320562.697674,0.348837209302,118.0,600585.627119,0.610169491525,
KHS1850,-0.0263157894737,37.0,635832.675676,0.675675675676,39.0,542451.282051,0.538461538462,
SDH1854,-0.111111111111,40.0,398221.85,0.375,50.0,389814.66,0.46,
OJP1860,0.226666666667,46.0,288545.434783,0.304347826087,29.0,29484.2413793,0.0,
Buckley-Allen,1.0,1.0,42025.0,0.0,0.0,0.0,0.0,
NEP1848,0.0379746835443,41.0,154598.95122,0.243902439024,38.0,173090.447368,0.210526315789,
CBS1856,0.21875,39.0,482952.205128,0.461538461538,25.0,907742.36,0.8,
ACC1855,0.0112359550562,45.0,355523.022222,0.355555555556,44.0,302538.0,0.386363636364,
BJG1852,0.12676056338,40.0,501366.05,0.525,31.0,633558.483871,0.741935483871,
Wynter_Kelley,0.121951219512,23.0,298518.826087,0.304347826087,18.0,302061.388889,0.222222222222,
ILM1595,1.0,1.0,32272.0,0.0,0.0,0.0,0.0,
KAH1868,0.364705882353,58.0,254804.017241,0.310344827586,27.0,1337078.81481,1.2962962963,
ZZH63,1.0,1.0,37479.0,0.0,0.0,0.0,0.0,
ISD1866,0.301204819277,54.0,214105.574074,0.185185185185,29.0,272940.068966,0.310344827586,
Iris_Castillo,-0.25,12.0,348216.416667,0.166666666667,20.0,1212887.15,1.25,
KAH7155,-0.282051282051,14.0,332766.142857,0.357142857143,25.0,1030424.8,1.08,
RCL1864,-0.0526315789474,36.0,282332.805556,0.305555555556,40.0,488400.65,0.55,
DZH1867,0.171428571429,41.0,426297.219512,0.365853658537,29.0,320150.034483,0.344827586207,
NAO1281,1.0,1.0,785942.0,1.0,0.0,0.0,0.0,
Eugenia.U.Nixon,0.142857142857,16.0,507897.5,0.5,12.0,453360.416667,0.416666666667,
GPS0321,1.0,1.0,26396.0,0.0,0.0,0.0,0.0,
Gay_Foreman,-0.166666666667,10.0,63534.6,0.1,14.0,612335.928571,0.571428571429,
Brynne.A.Bean,-0.111111111111,12.0,46024.6666667,0.0833333333333,15.0,27801.6666667,0.0,
LCB1869,0.044776119403,35.0,400559.428571,0.342857142857,32.0,28944.5625,0.0,
DMW1849,0.323076923077,43.0,391113.325581,0.348837209302,22.0,159000.181818,0.0909090909091,
JDC0326,1.0,1.0,45683.0,0.0,0.0,0.0,0.0,
SVF1858,-0.0862068965517,53.0,324404.698113,0.358490566038,63.0,29616.1111111,0.0,
AAW0969,1.0,1.0,16284.0,0.0,0.0,0.0,0.0,
EUN1870,0.0555555555556,38.0,442829.552632,0.447368421053,34.0,1036836.5,1.0,
Leigh_Baldwin,-0.161290322581,13.0,569359.769231,0.769230769231,18.0,29982.8333333,0.0,
Jayme_Mcguire,1.0,1.0,58092.0,0.0,0.0,0.0,0.0,
SLC1865,0.0263157894737,39.0,481503.051282,0.512820512821,37.0,31314.7567568,0.0,
HJW1371,1.0,1.0,18176.0,0.0,0.0,0.0,0.0,
KBC0818,1.0,1.0,47844.0,0.0,0.0,0.0,0.0,
NKF1871,0.166666666667,42.0,373073.880952,0.571428571429,30.0,190959.333333,0.2,
Craig-Aladdin,-0.290322580645,11.0,488348.909091,0.636363636364,20.0,101402.65,0.05,
Cynthia_Dillon,1.0,22.0,499887.681818,0.363636363636,0.0,0.0,0.0,
IRC1877,0.189189189189,44.0,387116.659091,0.477272727273,30.0,967385.7,0.9,
RWP1153,0.333333333333,2.0,19208.0,0.0,1.0,24142.0,0.0,
Cathleen_Gates,1.0,1.0,22307.0,0.0,0.0,0.0,0.0,
Perkins-Nathaniel,-0.4,9.0,182681.555556,0.111111111111,21.0,194993.809524,0.190476190476,
LJM4122,1.0,1.0,27775.0,0.0,0.0,0.0,0.0,
BGM0233,0.0,1.0,1968908.0,2.0,1.0,37363.0,0.0,
RBD8291,1.0,1.0,32602.0,0.0,0.0,0.0,0.0,
BYW1523,1.0,2.0,22443.0,0.0,0.0,0.0,0.0,
ENM5856,-0.354838709677,10.0,426525.3,0.5,21.0,238608.761905,0.333333333333,
Iliana_Kelly,-0.277777777778,13.0,260088.692308,0.230769230769,23.0,28302.4347826,0.0,
DJT1534,1.0,2.0,42534.0,0.0,0.0,0.0,0.0,
HJL1631,1.0,2.0,41566.0,0.0,0.0,0.0,0.0,
DZH81,0.0526315789474,20.0,96333.95,0.05,18.0,133220.777778,0.166666666667,
Quail_K_Phelps,1.0,1.0,26777.0,0.0,0.0,0.0,0.0,
Larson-Reese,0.157894736842,11.0,33008.4545455,0.0,8.0,156039.125,0.25,
DDS1090,1.0,1.0,26231.0,0.0,0.0,0.0,0.0,
CAB1160,1.0,1.0,26300.0,0.0,0.0,0.0,0.0,
DHS0204,1.0,1.0,492690.0,2.0,0.0,0.0,0.0,
EDC0697,1.0,1.0,623989.0,1.0,0.0,0.0,0.0,
WRB1978,1.0,1.0,27304.0,0.0,0.0,0.0,0.0,
MHP1377,1.0,3.0,38845.0,0.0,0.0,0.0,0.0,
OTE0760,0.0,1.0,34673.0,0.0,1.0,370376.0,1.0,
PXS0749,1.0,1.0,627595.0,1.0,0.0,0.0,0.0,
September_Buck,0.125,18.0,449961.277778,0.555555555556,14.0,28422.5714286,0.0,
Allegra.L.Mcclain,-0.647058823529,9.0,1320204.33333,1.11111111111,42.0,383767.857143,0.452380952381,
Noel_Franco,0.04,13.0,221135.076923,0.461538461538,12.0,338421.583333,0.25,
Gould-Brennan,-0.423076923077,15.0,321338.2,0.266666666667,37.0,462268.891892,0.567567567568,
BCL1423,1.0,1.0,23148.0,0.0,0.0,0.0,0.0,
HDH1384,1.0,1.0,33324.0,0.0,0.0,0.0,0.0,
NBM1257,1.0,2.0,23140.5,0.0,0.0,0.0,0.0,
WWW0701,-0.333333333333,1.0,1249866.0,1.0,2.0,20752.5,0.0,
LTS1378,1.0,1.0,22341.0,0.0,0.0,0.0,0.0,
VCG54,-0.571428571429,6.0,39994.5,0.0,22.0,28819.4545455,0.0,
Indigo.S.Doyle,0.217391304348,14.0,238069.5,0.142857142857,9.0,33632.0,0.0,
WOS1834,1.0,1.0,29700.0,0.0,0.0,0.0,0.0,
Shelton-Clark,-0.243243243243,14.0,490914.642857,0.428571428571,23.0,420018.086957,0.521739130435,
Candice_Mullins,1.0,1.0,21391.0,0.0,0.0,0.0,0.0,
Morgan_Evans,1.0,1.0,29271.0,0.0,0.0,0.0,0.0,
SKV0041,0.333333333333,2.0,28991.5,0.0,1.0,44395.0,0.0,
Savannah_Forbes,-0.133333333333,13.0,619698.923077,0.615384615385,17.0,32022.6470588,0.0,
Darryl_J_Hays,0.0,1.0,30169.0,0.0,1.0,2468605.0,2.0,
EPG1196,0.0,1.0,1041598.0,1.0,1.0,34774.0,0.0,
RUM0165,1.0,1.0,23116.0,0.0,0.0,0.0,0.0,
Macaulay.R.Huffman,1.0,1.0,27082.0,0.0,0.0,0.0,0.0,
KWM4,1.0,1.0,27082.0,0.0,0.0,0.0,0.0,
LLF1234,1.0,2.0,57786.0,0.0,0.0,0.0,0.0,
Helen.Hardy,1.0,1.0,36343.0,0.0,0.0,0.0,0.0,
Hayes.Salvador,-0.304347826087,8.0,150537.25,0.125,15.0,619226.133333,0.6,
Zelenia.I.Noel,1.0,2.0,27637.0,0.0,0.0,0.0,0.0,
ZBG962,1.0,2.0,26273.0,0.0,0.0,0.0,0.0,
JBP1832,1.0,1.0,997006.0,1.0,0.0,0.0,0.0,
HSK0479,1.0,1.0,19545.0,0.0,0.0,0.0,0.0,
Stuart.Keefe,0.0322580645161,16.0,332078.75,0.5625,15.0,31000.5333333,0.0,
QZH0367,1.0,1.0,2796806.0,4.0,0.0,0.0,0.0,
Shepard-Hu,1.0,2.0,23714.0,0.0,0.0,0.0,0.0,
UMB0108,0.0,1.0,23240.0,0.0,1.0,345631.0,1.0,
KMG0062,1.0,1.0,23240.0,0.0,0.0,0.0,0.0,
AUH0138,1.0,1.0,31325.0,0.0,0.0,0.0,0.0,
SMW1764,1.0,1.0,31158.0,0.0,0.0,0.0,0.0,
OCD1985,1.0,1.0,31060.0,0.0,0.0,0.0,0.0,
Melinda_J_Wiley,1.0,1.0,31902.0,0.0,0.0,0.0,0.0,
VCB1325,1.0,1.0,663200.0,1.0,0.0,0.0,0.0,
Hull-Zahir,1.0,1.0,31638.0,0.0,0.0,0.0,0.0,
JBL1657,1.0,2.0,15863.0,0.0,0.0,0.0,0.0,
TTG0460,-0.333333333333,1.0,15863.0,0.0,2.0,20639.5,0.0,
RSB1054,1.0,1.0,218790.0,1.0,0.0,0.0,0.0,
Eaton-James,1.0,2.0,33973.0,0.0,0.0,0.0,0.0,
KBR0575,1.0,2.0,21612.0,0.0,0.0,0.0,0.0,
AMC0854,0.0,1.0,27599.0,0.0,1.0,50601.0,0.0,
JMS0859,0.0,1.0,27630.0,0.0,1.0,1078074.0,1.0,
KAM0169,1.0,3.0,28110.6666667,0.0,0.0,0.0,0.0,
ISS0508,1.0,1.0,42735.0,0.0,0.0,0.0,0.0,
Daria_J_Tate,1.0,1.0,1473299.0,1.0,0.0,0.0,0.0,
JJC48,1.0,1.0,351272.0,1.0,0.0,0.0,0.0,
KAG0566,1.0,1.0,28348.0,0.0,0.0,0.0,0.0,
Pittman_Brody,1.0,1.0,50018.0,0.0,0.0,0.0,0.0,
LPS9,-0.421052631579,11.0,949561.181818,0.727272727273,27.0,673259.851852,0.777777777778,
CLM1538,1.0,1.0,5450790.0,6.0,0.0,0.0,0.0,
PSS0157,1.0,1.0,24078.0,0.0,0.0,0.0,0.0,
AAW0914,1.0,1.0,1570093.0,2.0,0.0,0.0,0.0,
AEC624,1.0,1.0,28122.0,0.0,0.0,0.0,0.0,
AVG1169,1.0,2.0,22674.0,0.0,0.0,0.0,0.0,
MAF0293,1.0,1.0,1387662.0,1.0,0.0,0.0,0.0,
WRH0526,1.0,1.0,24912.0,0.0,0.0,0.0,0.0,
AJM0956,1.0,1.0,817334.0,1.0,0.0,0.0,0.0,
Faith.Roach,1.0,1.0,34945.0,0.0,0.0,0.0,0.0,
Bethany_Mccarty,1.0,1.0,50002.0,0.0,0.0,0.0,0.0,
BBR1381,1.0,1.0,18052.0,0.0,0.0,0.0,0.0,
CWM0618,1.0,1.0,36375.0,0.0,0.0,0.0,0.0,
Ruiz.Charles,1.0,1.0,17257.0,0.0,0.0,0.0,0.0,
CCP977,1.0,1.0,43770.0,0.0,0.0,0.0,0.0,
CWW1120,0.0,1.0,49779.0,0.0,1.0,21132.0,0.0,
RXH1139,1.0,1.0,2087524.0,2.0,0.0,0.0,0.0,
Kasper_Rodgers,1.0,1.0,45996.0,0.0,0.0,0.0,0.0,
RAR0875,0.0,1.0,52757.0,0.0,1.0,874564.0,1.0,
HBS0392,1.0,1.0,18814.0,0.0,0.0,0.0,0.0,
OLM1747,1.0,1.0,33217.0,0.0,0.0,0.0,0.0,
GCD0194,0.0,1.0,926320.0,1.0,1.0,34083.0,0.0,
Deanna_Hoover,1.0,1.0,29616.0,0.0,0.0,0.0,0.0,
Frye-Colette,1.0,1.0,42880.0,0.0,0.0,0.0,0.0,
JEC1427,1.0,1.0,1137701.0,1.0,0.0,0.0,0.0,
Lester.K.Pugh,1.0,1.0,28721.0,0.0,0.0,0.0,0.0,
RCD0299,0.0,1.0,45965.0,0.0,1.0,29256.0,0.0,
PAH0819,1.0,1.0,26082.0,0.0,0.0,0.0,0.0,
HJB0858,0.0,1.0,22064.0,0.0,1.0,29943.0,0.0,
FMP0459,1.0,1.0,45402.0,0.0,0.0,0.0,0.0,
AAB1762,0.0,1.0,56797.0,0.0,1.0,15057.0,0.0,
JLM0422,0.0,1.0,39267.0,0.0,1.0,25129.0,0.0,
Tanisha_Valdez,1.0,2.0,40502.0,0.0,0.0,0.0,0.0,
Daphne_Adkins,0.0,1.0,740384.0,1.0,1.0,1800710.0,1.0,
Sims-Eagan,1.0,1.0,3108557.0,2.0,0.0,0.0,0.0,
ZVW1475,1.0,1.0,24608.0,0.0,0.0,0.0,0.0,
RHD1155,1.0,1.0,32140.0,0.0,0.0,0.0,0.0,
XAW0912,1.0,2.0,20950.0,0.0,0.0,0.0,0.0,
Sweet-Daphne,1.0,1.0,25534.0,0.0,0.0,0.0,0.0,
XRS0498,1.0,1.0,27998.0,0.0,0.0,0.0,0.0,
CLD1435,1.0,1.0,50158.0,0.0,0.0,0.0,0.0,
BBB0012,0.0,1.0,17146.0,0.0,1.0,30814.0,0.0,
TRB1093,1.0,1.0,30543.0,0.0,0.0,0.0,0.0,
DPC1618,0.0,1.0,17958.0,0.0,1.0,1202969.0,1.0,
GTN1021,1.0,1.0,24056.0,0.0,0.0,0.0,0.0,
GCD0863,1.0,1.0,952411.0,1.0,0.0,0.0,0.0,
WCB0806,1.0,1.0,20805.0,0.0,0.0,0.0,0.0,
ONG1642,1.0,2.0,32885.0,0.0,0.0,0.0,0.0,
GMF0229,1.0,2.0,40981.0,0.0,0.0,0.0,0.0,
JMW0038,0.333333333333,2.0,32073.0,0.0,1.0,23752.0,0.0,
CHW0919,1.0,1.0,25570.0,0.0,0.0,0.0,0.0,
FWT1586,1.0,2.0,31861.0,0.0,0.0,0.0,0.0,
BSO0826,0.0,1.0,25841.0,0.0,1.0,58506.0,0.0,
WDT1754,1.0,1.0,25850.0,0.0,0.0,0.0,0.0,
Long_Kane,1.0,1.0,25668.0,0.0,0.0,0.0,0.0,
MCB1145,1.0,1.0,44156.0,0.0,0.0,0.0,0.0,
SRP1576,1.0,1.0,27901.0,0.0,0.0,0.0,0.0,
KIS1205,1.0,2.0,26507.0,0.0,0.0,0.0,0.0,
Charlotte.I.Wolfe,1.0,1.0,36992.0,0.0,0.0,0.0,0.0,
KWF0849,1.0,1.0,3763343.0,4.0,0.0,0.0,0.0,
Danielle_Farmer,1.0,1.0,1439164.0,2.0,0.0,0.0,0.0,
Carol_Gomez,1.0,2.0,28383.0,0.0,0.0,0.0,0.0,
Horne_Kamal,0.0,1.0,36757.0,0.0,1.0,23449.0,0.0,
Mollie_Strong,1.0,1.0,25375.0,0.0,0.0,0.0,0.0,
TSG0262,0.333333333333,2.0,28018.0,0.0,1.0,35470.0,0.0,
JJS0013,1.0,1.0,28625.0,0.0,0.0,0.0,0.0,
PIR1632,1.0,1.0,36051.0,0.0,0.0,0.0,0.0,
EPB0893,1.0,2.0,268150.0,0.5,0.0,0.0,0.0,
Anjolie_Houston,1.0,1.0,1211626.0,1.0,0.0,0.0,0.0,
CRC1132,1.0,1.0,24640.0,0.0,0.0,0.0,0.0,
CES0201,1.0,1.0,22155.0,0.0,0.0,0.0,0.0,
CGV0671,0.0,1.0,39542.0,0.0,1.0,1067942.0,1.0,
Hillary.J.Blackburn,0.0,1.0,18150.0,0.0,1.0,23176.0,0.0,
Jacqueline_Mayo,1.0,1.0,20168.0,0.0,0.0,0.0,0.0,
ADR0810,1.0,1.0,52642.0,0.0,0.0,0.0,0.0,
ICP1063,1.0,1.0,36745.0,0.0,0.0,0.0,0.0,
BDF0015,1.0,1.0,58651.0,0.0,0.0,0.0,0.0,
LJP1584,1.0,1.0,1206511.0,1.0,0.0,0.0,0.0,
KGM1031,1.0,2.0,31741.0,0.0,0.0,0.0,0.0,
ZEH0685,0.0,1.0,31712.0,0.0,1.0,36536.0,0.0,
SSH819,1.0,1.0,21929.0,0.0,0.0,0.0,0.0,
Ria_Cline,1.0,1.0,39004.0,0.0,0.0,0.0,0.0,
HTB0444,-0.333333333333,1.0,785321.0,1.0,2.0,4375772.5,4.0,
ZNP1565,-0.333333333333,1.0,34605.0,0.0,2.0,20352.0,0.0,
CRR3328,1.0,1.0,2242532.0,2.0,0.0,0.0,0.0,
VCC0258,1.0,2.0,39272.0,0.0,0.0,0.0,0.0,
BHM1707,1.0,2.0,33099.0,0.0,0.0,0.0,0.0,
ACH0937,1.0,1.0,24778.0,0.0,0.0,0.0,0.0,
Thor_Snyder,0.333333333333,2.0,50336.0,0.0,1.0,35714.0,0.0,
TRA1671,1.0,2.0,13019.0,0.0,0.0,0.0,0.0,
Robertson-Vernon,1.0,1.0,37987.0,0.0,0.0,0.0,0.0,
ODA0931,1.0,1.0,44087.0,0.0,0.0,0.0,0.0,
ECT1326,1.0,1.0,43914.0,0.0,0.0,0.0,0.0,
Cortez-Harding,1.0,2.0,42504.0,0.0,0.0,0.0,0.0,
ARD0538,1.0,1.0,65421.0,0.0,0.0,0.0,0.0,
Vance-Linus,1.0,2.0,28693.0,0.0,0.0,0.0,0.0,
WDS1286,1.0,2.0,37649.0,0.0,0.0,0.0,0.0,
JJH0862,1.0,1.0,38337.0,0.0,0.0,0.0,0.0,
ATD1067,1.0,1.0,541549.0,1.0,0.0,0.0,0.0,
CAM0158,1.0,1.0,31512.0,0.0,0.0,0.0,0.0,
AAM0972,0.0,1.0,25955.0,0.0,1.0,24854.0,0.0,
RHM0775,1.0,2.0,41964.0,0.0,0.0,0.0,0.0,
ADH897,1.0,1.0,23702.0,0.0,0.0,0.0,0.0,
Everett-Curran,-0.454545454545,3.0,34273.6666667,0.0,8.0,592332.5,0.625,
JYC0959,1.0,1.0,31579.0,0.0,0.0,0.0,0.0,
JIT968,-0.416666666667,7.0,28602.2857143,0.0,17.0,583925.235294,0.647058823529,
BGR0917,-0.521739130435,22.0,467506.318182,0.318181818182,70.0,194198.814286,0.171428571429,
JIT0356,-0.548387096774,14.0,218235.714286,0.142857142857,48.0,138225.9375,0.125,
CTB0923,-0.320754716981,18.0,50867.1111111,0.0555555555556,35.0,751285.371429,0.657142857143,
TSB1546,0.12,14.0,89817.9285714,0.0714285714286,11.0,27590.3636364,0.0,
CJL0143,1.0,1.0,27847.0,0.0,0.0,0.0,0.0,
HRR0079,0.0833333333333,13.0,381987.230769,0.384615384615,11.0,131891.818182,0.0909090909091,
CJE1192,-0.333333333333,14.0,558277.0,0.785714285714,28.0,588115.714286,0.678571428571,
Blair-Tarik,0.333333333333,2.0,1185551.5,2.0,1.0,23652.0,0.0,
AAL1327,0.52,19.0,578898.315789,0.631578947368,6.0,405754.333333,0.166666666667,
BHB0717,-0.317073170732,14.0,121936.857143,0.285714285714,27.0,544725.37037,0.555555555556,
RMK1771,0.0,1.0,25106.0,0.0,1.0,24361.0,0.0,
JEH0587,-0.48,13.0,737019.769231,0.692307692308,37.0,46260.9189189,0.0810810810811,
Jaquelyn.E.Hull,-0.538461538462,3.0,482505.666667,0.666666666667,10.0,63147.5,0.1,
JDR0927,-0.719298245614,8.0,343331.5,0.25,49.0,29784.6734694,0.0,
Riddle.Harding,0.2,9.0,275384.555556,0.111111111111,6.0,537134.166667,0.833333333333,
Rodriguez-Baker,-0.764705882353,2.0,19693.5,0.0,15.0,196678.933333,0.2,
Amal.A.Lopez,-0.454545454545,3.0,35293.6666667,0.0,8.0,135325.625,0.125,
UMH1547,1.0,1.0,51741.0,0.0,0.0,0.0,0.0,
DJW0357,1.0,1.0,35023.0,0.0,0.0,0.0,0.0,
Clarke-Allistair,1.0,1.0,23684.0,0.0,0.0,0.0,0.0,
NJS1194,-0.5,11.0,362565.454545,0.454545454545,33.0,553096.242424,0.575757575758,
KCK1494,0.333333333333,2.0,24655.0,0.0,1.0,45297.0,0.0,
JAH1802,1.0,2.0,31862.0,0.0,0.0,0.0,0.0,
TIH0573,1.0,1.0,31862.0,0.0,0.0,0.0,0.0,
Chantale_Butler,-0.565217391304,5.0,391664.0,0.4,18.0,496963.888889,0.388888888889,
Clarke_Aimee,1.0,2.0,14258.0,0.0,0.0,0.0,0.0,
JDR2775,-0.76,3.0,390158.0,0.333333333333,22.0,32286.5454545,0.0,
Nina-Strong,-0.428571428571,2.0,26191.0,0.0,5.0,1524680.8,1.2,
BDR0223,1.0,1.0,73714.0,0.0,0.0,0.0,0.0,
BHB733,-0.538461538462,3.0,822476.666667,0.666666666667,10.0,34167.2,0.0,
FGW1794,1.0,2.0,24224.0,0.0,0.0,0.0,0.0,
NJC0003,1.0,2.0,33501.0,0.0,0.0,0.0,0.0,
King_Fritz,1.0,1.0,30929.0,0.0,0.0,0.0,0.0,
Justina.Conway,1.0,1.0,15391.0,0.0,0.0,0.0,0.0,
AFN0176,0.333333333333,2.0,20263.0,0.0,1.0,38149.0,0.0,
Shannon-Vaughan,1.0,1.0,20263.0,0.0,0.0,0.0,0.0,
KDG1330,1.0,1.0,644664.0,1.0,0.0,0.0,0.0,
BPK1731,1.0,1.0,17818.0,0.0,0.0,0.0,0.0,
ARD0790,1.0,2.0,28257.0,0.0,0.0,0.0,0.0,
LKM19,-1.0,0.0,0.0,0.0,1.0,33479.0,0.0,
Finley-Sloane,-1.0,0.0,0.0,0.0,1.0,4165085.0,3.0,
CKM0939,-1.0,0.0,0.0,0.0,1.0,22177.0,0.0,
TJG0170,-1.0,0.0,0.0,0.0,1.0,37764.0,0.0,
Bentley-Cruz,-1.0,0.0,0.0,0.0,1.0,41814.0,1.0,
CCP0774,-1.0,0.0,0.0,0.0,1.0,23294.0,0.0,
KFG1727,-1.0,0.0,0.0,0.0,1.0,36438.0,0.0,
RCG0584,-1.0,0.0,0.0,0.0,2.0,255814.0,0.5,
REF1924,-1.0,0.0,0.0,0.0,1.0,133216.0,1.0,
ROB0477,-1.0,0.0,0.0,0.0,1.0,40501.0,0.0,
JNB0673,-1.0,0.0,0.0,0.0,1.0,35755.0,0.0,
Keaton.C.Chavez,-1.0,0.0,0.0,0.0,1.0,6887197.0,7.0,
KPM97,-1.0,0.0,0.0,0.0,1.0,23515.0,0.0,
JLL1975,-1.0,0.0,0.0,0.0,1.0,44127.0,0.0,
ROA457,-1.0,0.0,0.0,0.0,2.0,29229.0,0.0,
AWW0676,-1.0,0.0,0.0,0.0,2.0,22064.0,0.0,
Rutledge-Myles,-1.0,0.0,0.0,0.0,1.0,685773.0,2.0,
Roy-Brady,-1.0,0.0,0.0,0.0,1.0,13413.0,0.0,
Ignacia.A.Clark,-1.0,0.0,0.0,0.0,1.0,23713.0,0.0,
MZO1066,-1.0,0.0,0.0,0.0,1.0,30092.0,0.0,
VBK4,-1.0,0.0,0.0,0.0,1.0,26778.0,0.0,
EBW0553,-1.0,0.0,0.0,0.0,1.0,30283.0,0.0,
Jenna_Haley,-1.0,0.0,0.0,0.0,1.0,30150.0,0.0,
SCB0187,-1.0,0.0,0.0,0.0,1.0,25437.0,0.0,
LAS0256,-1.0,0.0,0.0,0.0,1.0,26216.0,0.0,
KMH0529,-1.0,0.0,0.0,0.0,1.0,38522.0,0.0,
PCK0271,-1.0,0.0,0.0,0.0,1.0,1002135.0,2.0,
JDB1163,-1.0,0.0,0.0,0.0,2.0,1603204.0,1.0,
Nicholson-Dalton,-1.0,0.0,0.0,0.0,1.0,17323.0,0.0,
REL1335,-1.0,0.0,0.0,0.0,1.0,22160.0,0.0,
AEG9639,-1.0,0.0,0.0,0.0,1.0,2219340.0,3.0,
WMS0486,-1.0,0.0,0.0,0.0,2.0,221090.5,0.5,
Ward_Chastity,-1.0,0.0,0.0,0.0,2.0,26235.5,0.0,
HXP0976,-1.0,0.0,0.0,0.0,2.0,36654.5,0.0,
DLB0955,-1.0,0.0,0.0,0.0,2.0,1413084.0,1.5,
Burns-Uriel,-1.0,0.0,0.0,0.0,1.0,28376.0,0.0,
FMG1549,-1.0,0.0,0.0,0.0,1.0,2890508.0,3.0,
CLZ1937,-1.0,0.0,0.0,0.0,2.0,383383.5,0.5,
Sarah.N.Knox,-1.0,0.0,0.0,0.0,1.0,43081.0,0.0,
ASO0180,-1.0,0.0,0.0,0.0,1.0,21324.0,0.0,
LJL1891,-1.0,0.0,0.0,0.0,1.0,35075.0,0.0,
JDR0004,-1.0,0.0,0.0,0.0,2.0,26309.5,0.0,
CRD0272,-1.0,0.0,0.0,0.0,1.0,28992.0,0.0,
DZM1550,-1.0,0.0,0.0,0.0,1.0,1400473.0,2.0,
Bert.G.Mann,-1.0,0.0,0.0,0.0,3.0,25351.6666667,0.0,
KCM24,-1.0,0.0,0.0,0.0,1.0,24829.0,0.0,
DCV1185,-1.0,0.0,0.0,0.0,1.0,29092.0,0.0,
Neve_Burton,-1.0,0.0,0.0,0.0,1.0,1044627.0,1.0,
RZB7613,-1.0,0.0,0.0,0.0,1.0,2311695.0,1.0,
Hannah.J.Campos,-1.0,0.0,0.0,0.0,1.0,50314.0,0.0,
TBP0548,-1.0,0.0,0.0,0.0,2.0,29194.0,0.0,
Quin_W_Peck,-1.0,0.0,0.0,0.0,1.0,26229.0,0.0,
Norris-Kuame,-1.0,0.0,0.0,0.0,1.0,42681.0,0.0,
YBH1926,-1.0,0.0,0.0,0.0,1.0,33591.0,0.0,
Grace_Townsend,-1.0,0.0,0.0,0.0,1.0,30980.0,0.0,
Rina.D.Tillman,-1.0,0.0,0.0,0.0,2.0,125306.0,0.5,
DWR1387,-1.0,0.0,0.0,0.0,1.0,35637.0,0.0,
GMR1399,-1.0,0.0,0.0,0.0,1.0,23034.0,0.0,
BBN0449,-1.0,0.0,0.0,0.0,1.0,32883.0,0.0,
Aretha.C.Duke,-1.0,0.0,0.0,0.0,2.0,24370.0,0.0,
Germane_Velez,-1.0,0.0,0.0,0.0,1.0,769380.0,1.0,
CKP456,-1.0,0.0,0.0,0.0,1.0,24065.0,0.0,
JBL0414,-1.0,0.0,0.0,0.0,1.0,43938.0,0.0,
CKD0967,-1.0,0.0,0.0,0.0,1.0,27863.0,0.0,
VAC7952,-1.0,0.0,0.0,0.0,1.0,2221748.0,2.0,
CLN0061,-1.0,0.0,0.0,0.0,1.0,39789.0,0.0,
HRC0776,-1.0,0.0,0.0,0.0,1.0,34618.0,0.0,
HFM665,-1.0,0.0,0.0,0.0,1.0,44238.0,0.0,
RNC1295,-1.0,0.0,0.0,0.0,1.0,27329.0,0.0,
SFJ0856,-1.0,0.0,0.0,0.0,1.0,29797.0,0.0,
BTR1410,-1.0,0.0,0.0,0.0,1.0,22474.0,0.0,
DNJ0740,-1.0,0.0,0.0,0.0,1.0,25894.0,0.0,
EBG1553,-1.0,0.0,0.0,0.0,1.0,28142.0,0.0,
Guerra-Oliver,-1.0,0.0,0.0,0.0,1.0,26050.0,0.0,
AKS415,-1.0,0.0,0.0,0.0,1.0,39072.0,0.0,
Lael.S.Conner,-1.0,0.0,0.0,0.0,1.0,2859832.0,4.0,
Eaton-Jordan,-1.0,0.0,0.0,0.0,1.0,31316.0,0.0,
Merritt-Copeland,-1.0,0.0,0.0,0.0,1.0,1252703.0,1.0,
Fox.Paki,-1.0,0.0,0.0,0.0,1.0,1800306.0,1.0,
HIK0425,-1.0,0.0,0.0,0.0,1.0,29881.0,0.0,
BCL0231,-1.0,0.0,0.0,0.0,2.0,37663.0,0.0,
MQS0196,-1.0,0.0,0.0,0.0,1.0,44357.0,0.0,
DEC1939,-1.0,0.0,0.0,0.0,1.0,41388.0,0.0,
KVC1487,-1.0,0.0,0.0,0.0,2.0,33840.0,0.0,
NBB1935,-1.0,0.0,0.0,0.0,2.0,22534.5,0.0,
JOR1221,-1.0,0.0,0.0,0.0,1.0,28783.0,0.0,
JSB0803,-1.0,0.0,0.0,0.0,1.0,1334490.0,1.0,
EGG1466,-1.0,0.0,0.0,0.0,1.0,21503.0,1.0,
Caryn_K_William,-1.0,0.0,0.0,0.0,1.0,1836597.0,1.0,
TRP0892,-1.0,0.0,0.0,0.0,1.0,1371554.0,1.0,
Iliana.M.Cain,-1.0,0.0,0.0,0.0,1.0,13220.0,0.0,
ESW0928,-1.0,0.0,0.0,0.0,1.0,525717.0,1.0,
ERB0921,-1.0,0.0,0.0,0.0,1.0,20334.0,0.0,
KES1207,-1.0,0.0,0.0,0.0,2.0,3130674.5,3.0,
DLH0679,-1.0,0.0,0.0,0.0,1.0,33148.0,0.0,
DCK1782,-1.0,0.0,0.0,0.0,1.0,28104.0,0.0,
ICB1354,-1.0,0.0,0.0,0.0,1.0,54551.0,0.0,
Webb_Kim,-1.0,0.0,0.0,0.0,1.0,41234.0,0.0,
HGG0535,-1.0,0.0,0.0,0.0,1.0,38990.0,0.0,
SME1271,-1.0,0.0,0.0,0.0,1.0,18586.0,0.0,
AVH1217,-1.0,0.0,0.0,0.0,1.0,30070.0,0.0,
MLC0141,-1.0,0.0,0.0,0.0,1.0,7322029.0,8.0,
JOE1672,-1.0,0.0,0.0,0.0,1.0,29474.0,0.0,
Alma_S_Carpenter,-1.0,0.0,0.0,0.0,1.0,33272.0,0.0,
DMD1197,-1.0,0.0,0.0,0.0,1.0,22355.0,0.0,
Camden-Powell,-1.0,0.0,0.0,0.0,2.0,589083.0,1.0,
TAW0689,-1.0,0.0,0.0,0.0,1.0,27913.0,0.0,
BEM6354,-1.0,0.0,0.0,0.0,1.0,21136.0,0.0,
Vega-Gray,-1.0,0.0,0.0,0.0,1.0,32542.0,0.0,
Wallace-Tad,-1.0,0.0,0.0,0.0,1.0,53239.0,0.0,
Vasquez-Brian,-1.0,0.0,0.0,0.0,1.0,25698.0,0.0,
Bree_Mcclure,-1.0,0.0,0.0,0.0,1.0,26973.0,0.0,
AWW49,-1.0,0.0,0.0,0.0,1.0,17958.0,0.0,
CRG0063,-1.0,0.0,0.0,0.0,1.0,54458.0,0.0,
NWH0960,-1.0,0.0,0.0,0.0,1.0,29830.0,0.0,
BRG0728,-1.0,0.0,0.0,0.0,1.0,47753.0,0.0,
JJL1566,-1.0,0.0,0.0,0.0,1.0,38515.0,0.0,
RPJ1159,-1.0,0.0,0.0,0.0,1.0,493136.0,2.0,
DAR23,-1.0,0.0,0.0,0.0,1.0,28274.0,0.0,
KCW1215,-1.0,0.0,0.0,0.0,1.0,2148968.0,3.0,
HUM0973,-1.0,0.0,0.0,0.0,2.0,24800.5,0.0,
MAM0045,-1.0,0.0,0.0,0.0,1.0,34215.0,0.0,
SIG0640,-1.0,0.0,0.0,0.0,1.0,69464.0,0.0,
GTN452,-1.0,0.0,0.0,0.0,1.0,28408.0,0.0,
KJM0889,-1.0,0.0,0.0,0.0,1.0,30056.0,0.0,
CRB0648,-1.0,0.0,0.0,0.0,1.0,20846.0,0.0,
Stephanie.I.Vaughn,-1.0,0.0,0.0,0.0,2.0,28571.0,0.0,
Maxwell-Martin,-1.0,0.0,0.0,0.0,1.0,41563.0,0.0,
Judith_C_Keller,-1.0,0.0,0.0,0.0,1.0,21060.0,0.0,
Gisela_Hart,-1.0,0.0,0.0,0.0,1.0,28664.0,0.0,
PXS1,-1.0,0.0,0.0,0.0,1.0,34515.0,0.0,
Maxine_Hooper,-1.0,0.0,0.0,0.0,1.0,39768.0,0.0,
Blythe_D_Pugh,-1.0,0.0,0.0,0.0,1.0,1798550.0,2.0,
Ocean_D_Avery,-1.0,0.0,0.0,0.0,1.0,18840.0,0.0,
MFM1400,-1.0,0.0,0.0,0.0,1.0,61280.0,0.0,
NBL1490,-1.0,0.0,0.0,0.0,1.0,37102.0,0.0,
INC0091,-1.0,0.0,0.0,0.0,1.0,38274.0,0.0,
MUW0570,-1.0,0.0,0.0,0.0,1.0,263256.0,1.0,
CEG1442,-1.0,0.0,0.0,0.0,2.0,181714.5,0.5,
MBH1177,-1.0,0.0,0.0,0.0,2.0,589919.0,1.0,
Ivy.D.Cantu,-1.0,0.0,0.0,0.0,1.0,15312.0,0.0,
Zena.A.Carlson,-1.0,0.0,0.0,0.0,1.0,29765.0,0.0,
Naomi-Vincent,-1.0,0.0,0.0,0.0,1.0,31352.0,0.0,
Nerea_K_Talley,-1.0,0.0,0.0,0.0,1.0,31857.0,0.0,
OAP0978,-1.0,0.0,0.0,0.0,1.0,23492.0,0.0,
Wynn-Jamalia,-1.0,0.0,0.0,0.0,1.0,26792.0,0.0,
TNB1616,-1.0,0.0,0.0,0.0,2.0,2070607.0,2.0,
Roy_Ferdinand,-1.0,0.0,0.0,0.0,1.0,47012.0,0.0,
Alma_Tillman,-1.0,0.0,0.0,0.0,1.0,16043.0,0.0,
RRS0056,-1.0,0.0,0.0,0.0,2.0,28338.5,0.0,
EMR0269,-1.0,0.0,0.0,0.0,2.0,577191.0,0.5,
Noble_Horton,-1.0,0.0,0.0,0.0,1.0,51749.0,0.0,
QGC45,-1.0,0.0,0.0,0.0,1.0,35299.0,0.0,
Thaddeus-Garner,-1.0,0.0,0.0,0.0,1.0,16312.0,0.0,
HBP9842,-1.0,0.0,0.0,0.0,2.0,732188.0,0.5,
Horton-Kuame,-1.0,0.0,0.0,0.0,1.0,57358.0,0.0,
CPL0439,-1.0,0.0,0.0,0.0,1.0,2051966.0,3.0,
MBK1726,-1.0,0.0,0.0,0.0,1.0,40433.0,0.0,
YLH0423,-1.0,0.0,0.0,0.0,1.0,25629.0,0.0,
Banks-Tanner,-1.0,0.0,0.0,0.0,2.0,563199.0,0.5,
Judith.S.Bray,-1.0,0.0,0.0,0.0,1.0,31727.0,0.0,
NIM1282,-1.0,0.0,0.0,0.0,1.0,16783.0,0.0,
MAB0500,-1.0,0.0,0.0,0.0,1.0,12169.0,0.0,
HNP1152,-1.0,0.0,0.0,0.0,1.0,20441.0,0.0,
Lamb-Walker,-1.0,0.0,0.0,0.0,1.0,3632481.0,3.0,
OHA1516,-1.0,0.0,0.0,0.0,1.0,904259.0,1.0,
Kaitlin.R.Craft,-1.0,0.0,0.0,0.0,1.0,34228.0,0.0,
WGF1260,-1.0,0.0,0.0,0.0,1.0,26440.0,0.0,
Buffy_Ortiz,-1.0,0.0,0.0,0.0,1.0,16489.0,0.0,
DMJ0222,-1.0,0.0,0.0,0.0,1.0,21289.0,0.0,
TCC0311,-1.0,0.0,0.0,0.0,3.0,474039.333333,0.333333333333,
FRM0010,-1.0,0.0,0.0,0.0,1.0,37550.0,0.0,
GRB1842,-1.0,0.0,0.0,0.0,1.0,330304.0,1.0,
Butler-Asher,-1.0,0.0,0.0,0.0,1.0,25900.0,0.0,
CHP9,-1.0,0.0,0.0,0.0,1.0,20970.0,0.0,
DQR1670,-1.0,0.0,0.0,0.0,2.0,407086.5,0.5,
UMT1084,-1.0,0.0,0.0,0.0,2.0,1346335.0,1.5,
DKC0053,-1.0,0.0,0.0,0.0,1.0,37953.0,0.0,
KEW0198,-1.0,0.0,0.0,0.0,1.0,29067.0,0.0,
YLR1188,-1.0,0.0,0.0,0.0,2.0,28016.0,0.0,
REL0910,-1.0,0.0,0.0,0.0,1.0,21499.0,0.0,
BPA0095,-1.0,0.0,0.0,0.0,1.0,30155.0,0.0,
DXF1662,-1.0,0.0,0.0,0.0,1.0,22620.0,0.0,
Mitchell-Hadassah,-1.0,0.0,0.0,0.0,1.0,52260.0,0.0,
Willa.D.Tyson,-1.0,0.0,0.0,0.0,1.0,19558.0,0.0,
Maisie_M_Kline,-1.0,0.0,0.0,0.0,1.0,27413.0,0.0,
Byrd-Jin,-1.0,0.0,0.0,0.0,1.0,54479.0,0.0,
RAA0263,-1.0,0.0,0.0,0.0,1.0,22221.0,0.0,
Graham-Kelly,-1.0,0.0,0.0,0.0,1.0,915991.0,1.0,
DSH1074,-1.0,0.0,0.0,0.0,2.0,135307.5,0.5,
ZJN1492,-1.0,0.0,0.0,0.0,1.0,29666.0,0.0,
DLM2,-1.0,0.0,0.0,0.0,1.0,32168.0,0.0,
ACS0589,-1.0,0.0,0.0,0.0,2.0,775514.0,1.0,
ACH1840,-1.0,0.0,0.0,0.0,1.0,30750.0,0.0,
DJA0192,-1.0,0.0,0.0,0.0,3.0,35897.3333333,0.0,
JCP1478,-1.0,0.0,0.0,0.0,2.0,29130.5,0.0,
CAB1886,-1.0,0.0,0.0,0.0,1.0,37256.0,0.0,
KBG1201,-1.0,0.0,0.0,0.0,1.0,31118.0,0.0,
KSS1005,-1.0,0.0,0.0,0.0,1.0,4085274.0,4.0,
Brielle_Espinoza,-1.0,0.0,0.0,0.0,1.0,24114.0,0.0,
Isabella_E_Houston,-1.0,0.0,0.0,0.0,1.0,2230406.0,2.0,
SKF1892,-1.0,0.0,0.0,0.0,1.0,41452.0,0.0,
ZBC0291,-1.0,0.0,0.0,0.0,1.0,23081.0,0.0,
PNA1776,-1.0,0.0,0.0,0.0,1.0,32880.0,0.0,
LLB0437,-1.0,0.0,0.0,0.0,1.0,2295551.0,2.0,
Charissa.I.Sykes,-1.0,0.0,0.0,0.0,1.0,31130.0,0.0,
LCR8336,-1.0,0.0,0.0,0.0,1.0,18243.0,0.0,
Bryant-Mufutau,-1.0,0.0,0.0,0.0,1.0,29154.0,0.0,
Russell-Jonah,-1.0,0.0,0.0,0.0,1.0,26701.0,0.0,
GEM0462,-1.0,0.0,0.0,0.0,1.0,8237183.0,6.0,
TTM0059,-1.0,0.0,0.0,0.0,1.0,18763.0,0.0,
BDC0936,-1.0,0.0,0.0,0.0,1.0,24184.0,0.0,
Velez-Edward,-1.0,0.0,0.0,0.0,1.0,19846.0,0.0,
Wilkins-Brody,-1.0,0.0,0.0,0.0,1.0,21894.0,0.0,
KLB0918,-1.0,0.0,0.0,0.0,1.0,20259.0,0.0,
BHG1947,-1.0,0.0,0.0,0.0,1.0,32250.0,0.0,
BRM1080,-1.0,0.0,0.0,0.0,2.0,711279.0,0.5,
WAH1774,-1.0,0.0,0.0,0.0,1.0,26764.0,1.0,
ZAC0499,-1.0,0.0,0.0,0.0,1.0,18567.0,0.0,
JCK0692,-1.0,0.0,0.0,0.0,1.0,15963.0,0.0,
ECV1289,-1.0,0.0,0.0,0.0,1.0,24036.0,0.0,
FRS0694,-1.0,0.0,0.0,0.0,1.0,26186.0,0.0,
STW0237,-1.0,0.0,0.0,0.0,1.0,1323995.0,1.0,
Kimberley_Molina,-1.0,0.0,0.0,0.0,1.0,18787.0,0.0,
CTK0406,-1.0,0.0,0.0,0.0,1.0,31752.0,0.0,
OJF1882,-1.0,0.0,0.0,0.0,1.0,21375.0,0.0,
RDW1710,-1.0,0.0,0.0,0.0,1.0,26050.0,0.0,
KNM0100,-1.0,0.0,0.0,0.0,1.0,32613.0,0.0,
Madison.A.Erickson,-1.0,0.0,0.0,0.0,1.0,31972.0,0.0,
ROA0482,-1.0,0.0,0.0,0.0,1.0,28131.0,0.0,
Brenda_O_Carver,-1.0,0.0,0.0,0.0,1.0,1823761.0,1.0,
Stewart-Channing,-1.0,0.0,0.0,0.0,1.0,392952.0,1.0,
RWP8,-1.0,0.0,0.0,0.0,3.0,34244.0,0.0,
CBH32,-1.0,0.0,0.0,0.0,1.0,695752.0,1.0,
IMR0323,-1.0,0.0,0.0,0.0,2.0,28127.0,0.0,
SSN1130,-1.0,0.0,0.0,0.0,1.0,42847.0,0.0,
SCI0778,-1.0,0.0,0.0,0.0,1.0,2583162.0,2.0,
SKV96,-1.0,0.0,0.0,0.0,1.0,25255.0,0.0,
Harvey-Conan,-1.0,0.0,0.0,0.0,1.0,50709.0,0.0,
ORB0455,-1.0,0.0,0.0,0.0,1.0,43632.0,0.0,
YEG8459,-1.0,0.0,0.0,0.0,1.0,17743.0,0.0,
Mcneil-Herrod,-1.0,0.0,0.0,0.0,1.0,40217.0,0.0,
SHC1499,-1.0,0.0,0.0,0.0,2.0,1501243.0,1.0,
Nash.B.Little,-1.0,0.0,0.0,0.0,1.0,11306.0,0.0,
JCB0544,-1.0,0.0,0.0,0.0,1.0,24338.0,0.0,
William_Bryant,-1.0,0.0,0.0,0.0,1.0,31369.0,0.0,
Allistair-R-Mcclain,-1.0,0.0,0.0,0.0,1.0,18979.0,0.0,
DEB0727,-1.0,0.0,0.0,0.0,1.0,15949.0,0.0,
Nicole_Kirk,-1.0,0.0,0.0,0.0,1.0,3835998.0,4.0,
SBN1279,-1.0,0.0,0.0,0.0,1.0,24081.0,0.0,
Cherokee_Y_Galloway,-1.0,0.0,0.0,0.0,1.0,24356.0,0.0,
MBW1149,-1.0,0.0,0.0,0.0,1.0,34048.0,0.0,
Jacobson-Herman,-1.0,0.0,0.0,0.0,1.0,48886.0,0.0,
BDC9,-1.0,0.0,0.0,0.0,1.0,768885.0,1.0,
REM1733,-1.0,0.0,0.0,0.0,1.0,33665.0,0.0,
Chiquita_Gross,-1.0,0.0,0.0,0.0,1.0,25046.0,0.0,
Rina_Horn,-1.0,0.0,0.0,0.0,1.0,30131.0,0.0,
Diaz-Chancellor,-1.0,0.0,0.0,0.0,1.0,37036.0,0.0,
ASH0458,-1.0,0.0,0.0,0.0,1.0,21155.0,0.0,
Stephanie.S.Gomez,-1.0,0.0,0.0,0.0,2.0,555852.5,1.0,
PKS0278,-1.0,0.0,0.0,0.0,1.0,23610.0,0.0,
CDL0189,-1.0,0.0,0.0,0.0,1.0,25547.0,0.0,
CGS0309,-1.0,0.0,0.0,0.0,1.0,319457.0,1.0,
Hannah_R_Chase,-1.0,0.0,0.0,0.0,1.0,21287.0,0.0,
ALH0506,-1.0,0.0,0.0,0.0,1.0,30681.0,0.0,
HBW0057,-1.0,0.0,0.0,0.0,1.0,20418.0,0.0,
SDR0388,-1.0,0.0,0.0,0.0,1.0,18780.0,0.0,
JDJ1949,-1.0,0.0,0.0,0.0,1.0,32617.0,0.0,
SMW1131,-1.0,0.0,0.0,0.0,1.0,33302.0,0.0,
UHM1273,-1.0,0.0,0.0,0.0,2.0,29497.5,0.0,
CBG0183,-1.0,0.0,0.0,0.0,1.0,23565.0,0.0,
ASB0658,-1.0,0.0,0.0,0.0,1.0,33735.0,0.0,
GSA866,-1.0,0.0,0.0,0.0,1.0,34313.0,0.0,
CKL0652,-1.0,0.0,0.0,0.0,1.0,23114.0,0.0,
MNM1948,-1.0,0.0,0.0,0.0,1.0,31021.0,0.0,
SJG0228,-1.0,0.0,0.0,0.0,1.0,64316.0,0.0,
IKS0136,-1.0,0.0,0.0,0.0,1.0,32403.0,0.0,
DVM1290,-1.0,0.0,0.0,0.0,1.0,805915.0,1.0,
YKW1943,-1.0,0.0,0.0,0.0,1.0,34551.0,0.0,
VCM0992,-1.0,0.0,0.0,0.0,2.0,37457.0,0.0,
DLW5425,-1.0,0.0,0.0,0.0,1.0,45036.0,0.0,
BUE1561,-1.0,0.0,0.0,0.0,1.0,37502.0,0.0,
RSS1825,-1.0,0.0,0.0,0.0,2.0,1316988.5,1.5,
IYH1611,-1.0,0.0,0.0,0.0,2.0,1223740.0,2.0,
KPM0579,-1.0,0.0,0.0,0.0,2.0,32117.0,0.0,
HNR0874,-1.0,0.0,0.0,0.0,1.0,1464042.0,1.0,
AKS0448,-1.0,0.0,0.0,0.0,1.0,3375987.0,2.0,
SNO0033,-1.0,0.0,0.0,0.0,2.0,24492.0,0.0,
CCG1347,-1.0,0.0,0.0,0.0,1.0,20998.0,0.0,
Jared.B.Long,-1.0,0.0,0.0,0.0,1.0,4163982.0,3.0,
RRC0891,-1.0,0.0,0.0,0.0,1.0,21734.0,0.0,
CBM1272,-1.0,0.0,0.0,0.0,1.0,30040.0,0.0,
Gilbert-Christopher,-1.0,0.0,0.0,0.0,1.0,20460.0,0.0,
Lara_C_Rich,-1.0,0.0,0.0,0.0,1.0,21536.0,0.0,
RKC0355,-1.0,0.0,0.0,0.0,1.0,2706748.0,1.0,
September_Mcdaniel,-1.0,0.0,0.0,0.0,1.0,316931.0,1.0,
FZG0389,-1.0,0.0,0.0,0.0,1.0,2833961.0,3.0,
WRH42,-1.0,0.0,0.0,0.0,1.0,1476795.0,2.0,
Brewer.Micah,-1.0,0.0,0.0,0.0,1.0,1542878.0,1.0,
Rhona_M_Kennedy,-1.0,0.0,0.0,0.0,1.0,1153726.0,1.0,
Perry.T.Hebert,-1.0,0.0,0.0,0.0,1.0,62609.0,0.0,
NIV1608,-1.0,0.0,0.0,0.0,1.0,74470.0,0.0,
ORR0813,-1.0,0.0,0.0,0.0,2.0,27162.5,0.0,
NRS0270,-1.0,0.0,0.0,0.0,2.0,27201.0,0.0,
Glover-Porter,-1.0,0.0,0.0,0.0,2.0,32037.0,0.0,
Urielle.A.Ratliff,-1.0,0.0,0.0,0.0,1.0,50837.0,0.0,
JGB487,-1.0,0.0,0.0,0.0,1.0,33061.0,0.0,
NJK1732,-1.0,0.0,0.0,0.0,1.0,28915.0,0.0,
CEG1535,-1.0,0.0,0.0,0.0,1.0,31771.0,0.0,
BDM1204,-1.0,0.0,0.0,0.0,1.0,27108.0,0.0,
Ashely_H_Nguyen,-1.0,0.0,0.0,0.0,1.0,4946108.0,4.0,
ZAH0598,-1.0,0.0,0.0,0.0,1.0,30472.0,0.0,
LKC83,-1.0,0.0,0.0,0.0,1.0,33408.0,0.0,
WCW2579,-1.0,0.0,0.0,0.0,1.0,42992.0,0.0,
Meghan_Colon,-1.0,0.0,0.0,0.0,1.0,42774.0,0.0,
GVM9137,-1.0,0.0,0.0,0.0,1.0,1223253.0,1.0,
CPW0219,-1.0,0.0,0.0,0.0,1.0,1887259.0,3.0,
MEM0221,-1.0,0.0,0.0,0.0,1.0,3717776.0,3.0,
KDC0996,-1.0,0.0,0.0,0.0,1.0,43388.0,0.0,
KCC1988,-1.0,0.0,0.0,0.0,1.0,23659.0,0.0,
TRS0224,-1.0,0.0,0.0,0.0,1.0,873595.0,1.0,
Lucy_Jones,-1.0,0.0,0.0,0.0,1.0,1803839.0,3.0,
NKT1510,-1.0,0.0,0.0,0.0,1.0,23324.0,0.0,
EAP0312,-1.0,0.0,0.0,0.0,1.0,2868783.0,5.0,
Laurel.B.Lindsey,-1.0,0.0,0.0,0.0,1.0,30205.0,0.0,
Scarlett_J_Callahan,-1.0,0.0,0.0,0.0,1.0,16076.0,0.0,
WPL0086,-1.0,0.0,0.0,0.0,1.0,24695.0,0.0,
EPJ0445,-1.0,0.0,0.0,0.0,1.0,22883.0,0.0,
YDM1822,-1.0,0.0,0.0,0.0,1.0,21043.0,0.0,
BCB1715,-1.0,0.0,0.0,0.0,1.0,16864.0,0.0,
YDH0577,-1.0,0.0,0.0,0.0,1.0,30436.0,0.0,
DJW0418,-1.0,0.0,0.0,0.0,2.0,30208.5,0.0,
GRB0748,-1.0,0.0,0.0,0.0,1.0,27179.0,0.0,
Emma_J_Barnes,-1.0,0.0,0.0,0.0,1.0,32369.0,0.0,
TUJ1007,-1.0,0.0,0.0,0.0,1.0,26786.0,0.0,
RJM0634,-1.0,0.0,0.0,0.0,1.0,571207.0,1.0,
Griffin-Noah,-1.0,0.0,0.0,0.0,1.0,1181250.0,1.0,
PAM0867,-1.0,0.0,0.0,0.0,2.0,37142.0,0.0,
GFS0555,-1.0,0.0,0.0,0.0,1.0,45426.0,0.0,
Christine.T.Thomas,-1.0,0.0,0.0,0.0,1.0,187678.0,1.0,
CCW0097,-1.0,0.0,0.0,0.0,2.0,23744.5,0.0,
EJC1225,-1.0,0.0,0.0,0.0,1.0,57055.0,0.0,
COG0940,-1.0,0.0,0.0,0.0,1.0,29726.0,0.0,
HJO0779,-1.0,0.0,0.0,0.0,1.0,3214863.0,2.0,
Jaden.V.Mcgowan,-1.0,0.0,0.0,0.0,1.0,35352.0,0.0,
Shay_Cash,-1.0,0.0,0.0,0.0,1.0,20413.0,0.0,
ALH5,-1.0,0.0,0.0,0.0,1.0,31460.0,0.0,
CAS0997,-1.0,0.0,0.0,0.0,1.0,30581.0,0.0,
Mason.D.Rhodes,-1.0,0.0,0.0,0.0,1.0,22387.0,0.0,
OTB0008,-1.0,0.0,0.0,0.0,1.0,23593.0,0.0,
JCM0580,-1.0,0.0,0.0,0.0,1.0,44277.0,0.0,
Rhiannon_D_Brooks,-1.0,0.0,0.0,0.0,1.0,26321.0,0.0,
XKB0040,-1.0,0.0,0.0,0.0,1.0,29262.0,0.0,
DNW0899,-1.0,0.0,0.0,0.0,2.0,360432.0,0.5,
Jonathan_Buck,-1.0,0.0,0.0,0.0,1.0,27215.0,0.0,
NEG0281,-1.0,0.0,0.0,0.0,1.0,42351.0,0.0,
DHP1989,-1.0,0.0,0.0,0.0,1.0,20831.0,0.0,
KAW0431,-1.0,0.0,0.0,0.0,1.0,22822.0,0.0,
CMM1987,-1.0,0.0,0.0,0.0,2.0,21038.5,0.0,
Penelope_I_Erickson,-1.0,0.0,0.0,0.0,2.0,33795.5,0.0,
Larissa_Lee,-1.0,0.0,0.0,0.0,1.0,30823.0,0.0,
RNC3833,-1.0,0.0,0.0,0.0,1.0,2516040.0,1.0,
Wesley.P.Christian,-1.0,0.0,0.0,0.0,1.0,19367.0,0.0,
HMI1448,-1.0,0.0,0.0,0.0,1.0,19408.0,0.0,
RFC1991,-1.0,0.0,0.0,0.0,1.0,32303.0,0.0,
Melissa.Q.Short,-1.0,0.0,0.0,0.0,1.0,25179.0,0.0,
Stevens-Beau,-1.0,0.0,0.0,0.0,1.0,41235.0,0.0,
GHM626,-1.0,0.0,0.0,0.0,1.0,41911.0,0.0,
CGN2,-1.0,0.0,0.0,0.0,1.0,23104.0,0.0,
Byrd-Jermaine,-1.0,0.0,0.0,0.0,1.0,21674.0,0.0,
Jeanette.L.Cochran,-1.0,0.0,0.0,0.0,1.0,18051.0,0.0,
LJF1138,-1.0,0.0,0.0,0.0,1.0,32486.0,0.0,
JVM0772,-1.0,0.0,0.0,0.0,1.0,34845.0,0.0,
CJM0410,-1.0,0.0,0.0,0.0,1.0,24753.0,0.0,
Ulla.M.Henry,-1.0,0.0,0.0,0.0,1.0,2176468.0,2.0,
BCG0853,-1.0,0.0,0.0,0.0,1.0,22645.0,0.0,
UMB0310,-1.0,0.0,0.0,0.0,1.0,790639.0,1.0,
NRR0476,-1.0,0.0,0.0,0.0,2.0,13163.0,0.0,
VFA1284,-1.0,0.0,0.0,0.0,1.0,19379.0,0.0,
APR1168,-1.0,0.0,0.0,0.0,1.0,2681944.0,4.0,
CSE0417,-1.0,0.0,0.0,0.0,1.0,1115301.0,1.0,
OKH0453,-1.0,0.0,0.0,0.0,1.0,32251.0,0.0,
KNM4,-1.0,0.0,0.0,0.0,1.0,24786.0,0.0,
Riggs_Jamalia,-1.0,0.0,0.0,0.0,1.0,28709.0,0.0,
Patrick-Ashley,-1.0,0.0,0.0,0.0,1.0,25117.0,0.0,
BCL84,-1.0,0.0,0.0,0.0,1.0,31360.0,0.0,
CHN0282,-1.0,0.0,0.0,0.0,2.0,590867.0,0.5,
OFM0341,-1.0,0.0,0.0,0.0,1.0,19450.0,0.0,
CEM1385,-1.0,0.0,0.0,0.0,2.0,32427.5,0.0,
FWB1999,-1.0,0.0,0.0,0.0,1.0,20455.0,0.0,
Ferrell-Jonathan,-1.0,0.0,0.0,0.0,1.0,18249.0,0.0,
HCV0286,-1.0,0.0,0.0,0.0,1.0,3815455.0,3.0,
KHT0739,-1.0,0.0,0.0,0.0,1.0,23798.0,0.0,
Rudyard_T_Hess,-1.0,0.0,0.0,0.0,1.0,1398012.0,2.0,
Travis.I.Hatfield,-1.0,0.0,0.0,0.0,1.0,29092.0,0.0,
TCL0855,-1.0,0.0,0.0,0.0,1.0,31065.0,0.0,
ERV1880,-1.0,0.0,0.0,0.0,1.0,18381.0,0.0,
GIA1171,-1.0,0.0,0.0,0.0,1.0,25683.0,0.0,
MGH0593,-1.0,0.0,0.0,0.0,1.0,15313.0,0.0,
OWS0279,-1.0,0.0,0.0,0.0,1.0,27848.0,0.0,
JGB1393,-1.0,0.0,0.0,0.0,1.0,31729.0,0.0,
Bruce.D.Marquez,-1.0,0.0,0.0,0.0,1.0,1953972.0,2.0,
ADC1014,-1.0,0.0,0.0,0.0,1.0,26143.0,0.0,
Kennedy-Josiah,-1.0,0.0,0.0,0.0,1.0,48424.0,0.0,
RLF0472,-1.0,0.0,0.0,0.0,2.0,3269273.0,2.5,
JDM0396,-1.0,0.0,0.0,0.0,1.0,29008.0,0.0,
Jayme_C_Cohen,-1.0,0.0,0.0,0.0,1.0,55281.0,0.0,
JJM0234,-1.0,0.0,0.0,0.0,1.0,3113091.0,2.0,
CRM0907,-1.0,0.0,0.0,0.0,1.0,191784.0,1.0,
Xerxes.F.King,-1.0,0.0,0.0,0.0,1.0,32957.0,0.0,
JRB0759,-1.0,0.0,0.0,0.0,1.0,2905582.0,3.0,
TDR1930,-1.0,0.0,0.0,0.0,1.0,22979.0,0.0,
EZG9638,-1.0,0.0,0.0,0.0,1.0,47112.0,1.0,
Jemima-Pratt,-1.0,0.0,0.0,0.0,2.0,29234.5,0.0,
Sharon.W.Mendez,-1.0,0.0,0.0,0.0,1.0,27349.0,0.0,
ICS1248,-1.0,0.0,0.0,0.0,1.0,104518.0,1.0,
Tobias.K.Howe,-1.0,0.0,0.0,0.0,1.0,606276.0,1.0,
RWJ491,-1.0,0.0,0.0,0.0,1.0,761495.0,1.0,
JAD1379,-1.0,0.0,0.0,0.0,1.0,2975238.0,2.0,
IDW1713,-1.0,0.0,0.0,0.0,2.0,478108.0,0.5,
MLC1,-1.0,0.0,0.0,0.0,1.0,28649.0,0.0,
Herrod_Benton,-1.0,0.0,0.0,0.0,1.0,29856.0,0.0,
Audrey.R.Dennis,-1.0,0.0,0.0,0.0,1.0,876442.0,1.0,
KCG1615,-1.0,0.0,0.0,0.0,1.0,37233.0,0.0,
Sanders-Jonathan,-1.0,0.0,0.0,0.0,1.0,1204556.0,1.0,
LMM0167,-1.0,0.0,0.0,0.0,1.0,26787.0,0.0,
CKH0316,-1.0,0.0,0.0,0.0,1.0,26394.0,0.0,
ATO0307,-1.0,0.0,0.0,0.0,1.0,30755.0,0.0,
MES61,-1.0,0.0,0.0,0.0,1.0,40548.0,0.0,
HMC1847,-1.0,0.0,0.0,0.0,1.0,3016177.0,2.0,
Zoe_Henry,-1.0,0.0,0.0,0.0,1.0,34866.0,0.0,
QRF0039,-1.0,0.0,0.0,0.0,2.0,25017.5,0.0,
LRV1554,-1.0,0.0,0.0,0.0,1.0,38321.0,0.0,
RBA1723,-1.0,0.0,0.0,0.0,1.0,28075.0,0.0,
Grace.B.Valenzuela,-1.0,0.0,0.0,0.0,1.0,513113.0,1.0,
QCR0394,-1.0,0.0,0.0,0.0,1.0,48339.0,0.0,
YIN0342,-1.0,0.0,0.0,0.0,1.0,19112.0,0.0,
RJW0348,-1.0,0.0,0.0,0.0,1.0,36074.0,0.0,
Selma.T.Warner,-1.0,0.0,0.0,0.0,1.0,1196384.0,1.0,
Harriet-Patrick,-1.0,0.0,0.0,0.0,1.0,29542.0,0.0,
Bryant-Upton,-1.0,0.0,0.0,0.0,1.0,15730.0,0.0,
CRR1966,-1.0,0.0,0.0,0.0,1.0,28140.0,0.0,
BGK0345,-1.0,0.0,0.0,0.0,1.0,29878.0,0.0,
HRE1950,-1.0,0.0,0.0,0.0,1.0,34876.0,0.0,
DAH1996,-1.0,0.0,0.0,0.0,1.0,17913.0,0.0,
TMT1509,-1.0,0.0,0.0,0.0,1.0,44872.0,0.0,
DQR33,-1.0,0.0,0.0,0.0,1.0,37768.0,0.0,
DPN1990,-1.0,0.0,0.0,0.0,1.0,20720.0,0.0,
MIC54,-1.0,0.0,0.0,0.0,1.0,28439.0,0.0,
AIE0773,-1.0,0.0,0.0,0.0,1.0,243855.0,1.0,
SMN0397,-1.0,0.0,0.0,0.0,1.0,52224.0,0.0,
LKB0734,-1.0,0.0,0.0,0.0,1.0,25065.0,0.0,
ELC1173,-1.0,0.0,0.0,0.0,1.0,43915.0,0.0,
Jeanette_Mcleod,-1.0,0.0,0.0,0.0,1.0,880144.0,2.0,
YDM6,-1.0,0.0,0.0,0.0,1.0,38199.0,0.0,
Reid-William,-1.0,0.0,0.0,0.0,1.0,28525.0,0.0,
AHN0681,-1.0,0.0,0.0,0.0,1.0,27509.0,0.0,
MLM1614,-1.0,0.0,0.0,0.0,1.0,32643.0,0.0,
BTV1433,-1.0,0.0,0.0,0.0,1.0,28398.0,0.0,
MTH67,-1.0,0.0,0.0,0.0,1.0,646996.0,1.0,
Madaline_Tillman,-1.0,0.0,0.0,0.0,1.0,19404.0,0.0,
Jolene.D.Combs,-1.0,0.0,0.0,0.0,2.0,29133.0,0.0,
ANR0502,-1.0,0.0,0.0,0.0,1.0,22484.0,0.0,
MME1034,-1.0,0.0,0.0,0.0,1.0,28926.0,0.0,
Kirby.V.Pena,-1.0,0.0,0.0,0.0,1.0,48565.0,0.0,
Gonzales-Breanna,-1.0,0.0,0.0,0.0,1.0,39656.0,0.0,
EJM1742,-1.0,0.0,0.0,0.0,1.0,686685.0,1.0,
Cadman_Mann,-1.0,0.0,0.0,0.0,1.0,17723.0,0.0,
AJM0049,-1.0,0.0,0.0,0.0,1.0,23220.0,0.0,
August_Burns,-1.0,0.0,0.0,0.0,1.0,31658.0,0.0,
MGC0646,-1.0,0.0,0.0,0.0,1.0,14750.0,0.0,
GCW0456,-1.0,0.0,0.0,0.0,1.0,38030.0,0.0,
HPC55,-1.0,0.0,0.0,0.0,1.0,20964.0,0.0,
IDC1775,-1.0,0.0,0.0,0.0,1.0,17252.0,0.0,
OAB0181,-1.0,0.0,0.0,0.0,1.0,30231.0,0.0,
NGB1625,-1.0,0.0,0.0,0.0,1.0,13814.0,0.0,
KMC1934,-1.0,0.0,0.0,0.0,1.0,1815842.0,2.0,
ZAR0235,-1.0,0.0,0.0,0.0,1.0,26757.0,0.0,
MUP1819,-1.0,0.0,0.0,0.0,1.0,25706.0,0.0,
OFB1017,-1.0,0.0,0.0,0.0,1.0,18001.0,0.0,
Abra.W.Warren,-1.0,0.0,0.0,0.0,1.0,3293959.0,2.0,
Goodman-Hamilton,-1.0,0.0,0.0,0.0,1.0,35557.0,0.0,
Cooke-Blaine,-1.0,0.0,0.0,0.0,1.0,31922.0,0.0,
CDL911,-1.0,0.0,0.0,0.0,1.0,24860.0,0.0,
Walker-Adrian,-1.0,0.0,0.0,0.0,1.0,31582.0,0.0,
GNV1082,-1.0,0.0,0.0,0.0,1.0,23891.0,0.0,
EZB0925,-1.0,0.0,0.0,0.0,1.0,1632062.0,2.0,
AOC1283,-1.0,0.0,0.0,0.0,1.0,17571.0,0.0,
Inga_Whitaker,-1.0,0.0,0.0,0.0,1.0,30425.0,0.0,
Destiny_T_Brown,-1.0,0.0,0.0,0.0,1.0,1697860.0,2.0,
HRT0984,-1.0,0.0,0.0,0.0,1.0,27769.0,0.0,
WTC0699,-1.0,0.0,0.0,0.0,1.0,33696.0,0.0,
ZAD1345,-1.0,0.0,0.0,0.0,1.0,33733.0,0.0,
LRB0568,-1.0,0.0,0.0,0.0,1.0,31134.0,0.0,
Colon-Upton,-1.0,0.0,0.0,0.0,1.0,42786.0,0.0,
KTS0058,-1.0,0.0,0.0,0.0,1.0,3984879.0,3.0,
MDB0351,-1.0,0.0,0.0,0.0,1.0,1280262.0,1.0,
KJS1,-1.0,0.0,0.0,0.0,1.0,47032.0,0.0,
Brynn_Guerra,-1.0,0.0,0.0,0.0,1.0,27705.0,0.0,
ERR0525,-1.0,0.0,0.0,0.0,1.0,31349.0,0.0,
JBI25,-1.0,0.0,0.0,0.0,1.0,430929.0,1.0,
BCR0747,-1.0,0.0,0.0,0.0,1.0,29202.0,0.0,
BBF0480,-1.0,0.0,0.0,0.0,1.0,1106818.0,1.0,
SQC1296,-1.0,0.0,0.0,0.0,1.0,46283.0,0.0,
CCT0142,-1.0,0.0,0.0,0.0,1.0,28639.0,0.0,
DCB1000,-1.0,0.0,0.0,0.0,1.0,39231.0,0.0,
MCB0582,-1.0,0.0,0.0,0.0,1.0,17247.0,0.0,
HBP0009,-1.0,0.0,0.0,0.0,1.0,21053.0,0.0,
Kermit.L.Mckay,-1.0,0.0,0.0,0.0,1.0,33669.0,0.0,
MDR0572,-1.0,0.0,0.0,0.0,1.0,19694.0,0.0,
Myra_Cain,-1.0,0.0,0.0,0.0,1.0,22041.0,0.0,
KMM0014,-1.0,0.0,0.0,0.0,1.0,32451.0,0.0,
OFB2812,-1.0,0.0,0.0,0.0,1.0,26495.0,0.0,
