CBC1504
Cluster0
Cluster1
Cluster2
Cluster3
Cluster4
